2 8.770710236948898e-02
1 2.464482224310189e-01
3 7.492480100833784e-02
4 2.779359487197567e-02
5 2.520126875741634e-02
6 3.154982250744209e-02
7 2.128632727819593e-02
8 1.493777352817018e-02
9 2.407773883280225e-02
10 1.568466220464379e-02
11 1.493777352817018e-02
12 1.493777352817018e-02
13 1.493777352817018e-02
14 1.568466220464379e-02
17 1.493777352817018e-02
18 1.493777352817018e-02
20 1.568466220464379e-02
22 1.493777352817018e-02
26 1.852831352974634e-02
24 3.639625970841793e-02
25 3.084683440536201e-02
28 1.568466220464379e-02
29 1.927520220621996e-02
30 1.689665882964993e-02
27 2.286574220779612e-02
31 1.689665882964993e-02
32 1.689665882964993e-02
33 1.568466220464379e-02
15 1.689665882964993e-02
16 1.689665882964993e-02
19 1.689665882964993e-02
21 1.689665882964993e-02
23 1.689665882964993e-02
34 1.493777352817018e-02
