2 5.287692406851436e-02
1 9.699728541397741e-02
3 5.707850948784656e-02
4 3.585985779252043e-02
5 2.197795237461561e-02
6 2.911115469337999e-02
7 2.911115469337999e-02
8 2.449049703917953e-02
9 2.976605607845874e-02
10 1.430939712732897e-02
11 2.197795237461561e-02
12 9.564745493985904e-03
13 1.464489201490096e-02
14 2.953645615417769e-02
17 1.678400545283830e-02
18 1.455867721181603e-02
20 1.960463632681420e-02
22 1.455867721181603e-02
26 2.100619738904556e-02
24 3.152251476718301e-02
25 2.107603355414012e-02
28 2.563976747700282e-02
29 1.957345946081833e-02
30 2.628853768722881e-02
27 1.504403807881996e-02
31 2.459015524548793e-02
32 3.715808706234879e-02
33 7.169322598686433e-02
15 1.453599399447517e-02
16 1.453599399447517e-02
19 1.453599399447517e-02
21 1.453599399447517e-02
23 1.453599399447517e-02
34 1.009191823085182e-01
