267 2.166806872140904e-04
1394 3.355142200832405e-04
483 3.702058588861733e-03
1051 1.325340553473612e-02
904 3.963423157037574e-04
1479 4.947355587520946e-03
919 2.819290332819609e-03
1045 2.538347798843250e-03
1330 3.943604358313295e-03
1108 1.068303290745883e-03
995 5.040127914907914e-04
963 1.124470248208429e-02
1000 3.472459009608308e-03
1192 5.394400702880031e-04
1067 5.514916742199461e-03
1270 4.868351840313847e-03
1437 6.764948380953924e-03
1037 1.341420084721595e-03
903 2.919942546372819e-04
855 1.311338474809939e-02
1008 2.240258047264585e-03
982 4.688064945130657e-04
1429 3.605280482654812e-03
952 1.068020625968204e-03
892 2.985128299404067e-03
956 7.289381015751744e-04
1306 7.348212316879797e-03
810 3.588239732410037e-03
1112 8.900331305967053e-03
826 3.843611726102344e-03
1478 3.105878107884264e-03
979 3.593271372779474e-03
1255 3.712349565722948e-04
1167 2.468819165766852e-04
802 9.896159217780242e-04
842 3.275200416428091e-04
1408 5.539617582734091e-04
862 7.661078051686932e-04
708 2.050516255168728e-04
374 1.247439916060117e-03
508 4.414922847485342e-04
99 3.051383722368265e-03
968 2.505769416475239e-04
1063 2.557173231499153e-03
297 5.326644276966707e-03
756 5.643156027494965e-03
936 2.568662916040883e-03
898 4.358470456722441e-04
1184 2.560985872744288e-04
1250 2.403842033142029e-03
539 1.989521834865932e-03
1360 1.058946107487901e-03
119 3.232488505965665e-03
1223 2.795626104418851e-03
878 4.771618468270688e-03
782 1.807382078189743e-03
1245 9.379796298849547e-03
323 8.936099472641615e-03
1463 7.167170592357411e-03
1277 1.531106764429245e-03
1325 2.046801724430858e-03
798 9.042245054682924e-03
1134 1.141826035959695e-03
490 3.227908478619439e-03
944 2.508419514395024e-03
1179 7.093990138321180e-03
967 2.191263190773100e-03
1461 7.531035997462600e-03
932 1.744992657444567e-03
1041 7.030394355025162e-03
1086 5.403819171550082e-03
1337 1.237314023958107e-03
1152 1.843650201064697e-03
1191 2.081424981324269e-03
1435 6.332649223728930e-04
835 1.795373156861473e-03
1390 7.988975206437107e-04
1222 1.565588656591028e-03
1413 9.928188598886760e-04
1418 1.342717677544610e-03
818 2.100171053292067e-03
941 2.745828726359697e-03
1013 9.213447399071646e-04
1217 1.462144526827185e-03
729 1.107019313777949e-02
150 3.998647158342611e-03
1209 4.151624271923417e-03
1381 1.088363827324417e-03
1459 9.614111074998653e-04
883 1.072146296397201e-03
1040 5.610932389491006e-04
641 1.305215833405246e-02
993 7.344140206123478e-04
1232 3.098891790471068e-03
1317 4.591278217896709e-03
1373 3.960318641826817e-04
276 1.137320464933425e-03
1240 2.537690866929089e-04
1298 4.500044112974460e-04
908 8.963417063622805e-04
1153 1.145330805703874e-02
837 2.039466396141754e-03
170 4.260085028971976e-03
865 6.884920534442026e-04
14 1.490131336688384e-03
454 1.647368287065152e-03
570 1.902134997792348e-03
55 1.598536533425405e-02
118 1.696449596875345e-03
144 2.355134657663921e-03
155 1.883567918350117e-02
650 2.446759312983611e-03
180 5.843975596971486e-03
347 1.556990018635568e-03
405 3.767155494063484e-03
480 2.426560016596719e-03
493 4.458147679932068e-03
492 1.867680352283714e-03
885 3.078100125954020e-03
563 3.266167069435641e-03
577 1.347632298655782e-03
634 1.649951202040421e-03
676 1.736650762592456e-03
642 5.779283948488441e-03
535 6.538693112154284e-03
644 3.713160852541062e-03
312 1.468387984432635e-03
726 3.253218702257581e-03
72 3.791677687939189e-03
301 5.589019364180290e-03
547 4.186055247654879e-03
154 3.329451025014117e-03
187 1.580482744234407e-03
460 1.952061831546137e-03
495 1.869226979081378e-03
387 1.071763515099070e-03
394 2.753087328428370e-03
434 4.362616986210445e-03
441 2.743676422068575e-03
189 2.958479609764309e-03
669 2.084970311662105e-03
591 2.391166007280146e-03
687 3.758069110927616e-03
1238 2.577674972754984e-04
990 6.326822817601634e-03
1055 4.060463729683793e-03
1185 6.218300882185359e-04
893 4.353530050553081e-04
891 2.406077258771631e-04
766 2.663008745026224e-04
1159 4.924994125349622e-03
913 4.605016512047256e-04
1293 4.825783438698827e-03
24 1.106214755421518e-03
46 9.181932417445062e-04
115 1.370956074308886e-03
85 2.490292995422156e-03
102 1.906440923975893e-03
114 2.331717245713661e-03
159 1.313925788606583e-03
75 2.169180138934041e-03
172 2.875748002663000e-03
210 3.998558776431802e-03
229 1.415996925236599e-03
204 7.386485968028718e-04
664 3.267220760424845e-03
402 1.289146457282112e-03
363 3.535835121326748e-03
465 1.390199809875351e-03
436 5.257708220976775e-04
443 1.043147235151961e-03
472 1.291315901419454e-03
514 5.435584762135766e-03
517 4.866093929654299e-04
754 3.137090020266126e-03
623 4.030889821680051e-03
637 1.056016216913079e-03
341 4.106291423535602e-04
23 3.518253604146003e-03
1161 2.838099513355949e-04
1122 3.781051076740480e-03
779 1.008123513545299e-03
781 9.733237227750591e-04
961 1.937752495487437e-03
966 8.827527814747761e-04
1021 1.505481312271491e-03
1069 1.662859947661378e-03
1101 4.636125568386688e-03
1121 1.351043269423078e-03
1135 4.400269431977156e-04
1231 1.426941737683510e-03
1364 2.897105631845171e-04
1146 3.374706886854339e-04
980 2.157586873839010e-03
1105 3.996932860486962e-04
1201 3.680367284470213e-04
1251 1.739624904375921e-03
950 8.320826792599352e-04
1206 2.106856707582520e-04
1489 8.680651994534549e-04
946 3.236841874350021e-04
930 5.212142630097021e-04
1093 2.710851915967373e-04
814 4.507141984953996e-04
1402 4.145909960791389e-04
1366 2.050108673123632e-04
775 1.358554197808707e-03
1024 3.126446141207207e-04
1346 8.807005450212320e-04
762 2.575897771271206e-03
1007 5.014026629242229e-04
822 1.040077603412933e-03
973 1.449132248633653e-03
922 3.878504417179848e-04
1172 2.410974543562617e-03
765 5.206795785581443e-04
1482 1.043855558427790e-03
824 5.353123859378388e-04
830 1.393556462963272e-03
1455 2.335024416638513e-03
1048 2.594304577481937e-03
1081 1.230679593946273e-03
1164 2.744097536069740e-03
1392 1.328518635377169e-03
988 1.821354428174684e-03
741 4.622168076501848e-03
792 1.166236697747864e-03
1419 5.507376784067441e-04
791 2.121199463098646e-04
1197 6.350128605503312e-04
786 2.252596269140361e-03
1348 7.941492512804403e-04
609 2.615037490480864e-03
389 8.172151512293730e-04
677 2.756643262341957e-03
396 2.912611301915338e-03
453 2.666651085233465e-03
145 1.382664075783675e-03
186 1.555124504810511e-03
727 1.806287576982045e-03
442 1.995957133762243e-03
27 3.107408528713639e-03
585 1.195577006630693e-03
640 2.296984054510544e-03
703 4.759601430252145e-04
35 2.787656163358898e-03
65 2.295880238706232e-03
31 1.795976620464713e-03
566 1.688536984225527e-03
712 1.599396356140964e-03
489 1.688668126735108e-03
371 1.049882772062359e-03
288 1.033264133836926e-03
205 3.933204065523736e-04
615 1.910615526863765e-03
512 8.527629278212857e-04
202 1.300478383544428e-03
13 1.979471583921854e-03
431 2.633957977702755e-03
561 9.237564137756899e-04
1169 2.042780656885783e-04
1216 1.970671905797867e-04
1082 2.427612301498146e-04
964 6.373593700866857e-04
1144 6.096336726238762e-04
1150 1.279425908329821e-03
817 1.705481301275352e-03
1310 2.690401446731158e-04
1254 4.442269864411211e-04
1047 5.252530576135064e-04
773 8.601229490951502e-04
1028 4.054205493724206e-04
879 4.878116656721261e-04
907 4.424858583287236e-04
1052 4.758638636067856e-04
250 1.970671905797867e-04
544 1.963400431320974e-03
564 3.454658299055064e-03
1339 6.231896504582176e-04
401 3.022779350689616e-04
127 6.329966587245883e-04
188 2.427244609429391e-04
233 3.972635287328334e-03
292 2.818086158842117e-04
588 8.468285744844513e-04
947 1.970671905797867e-04
1049 1.057827977137835e-03
1148 1.941110672926868e-03
660 6.541256547463698e-04
167 1.101746106055112e-03
209 6.743373986904506e-04
714 5.012550522445480e-04
675 2.621995516161775e-03
847 2.766147346764592e-04
854 1.726827485313217e-03
12 2.076236756685983e-04
96 8.414406992919509e-04
1422 4.659730550406178e-04
238 2.667092649945914e-04
2 3.591177798750075e-04
272 2.015123449964083e-04
278 5.324818118608509e-04
604 5.127595448164780e-04
321 2.015123449964083e-04
446 1.128084052311418e-03
572 6.349592264177206e-04
574 1.406233898451855e-03
681 2.340461494326182e-04
391 1.335545527843861e-03
422 2.067488971167703e-04
151 2.153274917828046e-04
326 3.739428911509063e-04
562 2.191585295456643e-04
560 3.313845213995213e-04
579 1.163595671425885e-03
578 2.262766692649658e-04
524 6.379294452577847e-04
22 3.811073118625064e-04
621 5.250275966558195e-04
361 4.420355804063911e-04
693 9.743923535901892e-04
259 3.689658759795384e-04
40 5.670644276302139e-04
417 1.603724074159887e-03
218 1.274309328021786e-03
192 2.836073834194238e-04
88 2.575964429879154e-04
933 4.113995347799239e-04
39 1.192463874277679e-03
29 8.367994796376721e-04
34 2.089960604871843e-04
688 2.542002103630077e-04
100 3.106848312621429e-04
618 2.144441306509688e-04
662 3.967601239925711e-04
468 1.987779927199905e-03
377 7.535061377953840e-04
282 2.846811240456661e-04
530 2.347763230452364e-04
8 4.384193365243443e-04
1126 3.893885504741878e-04
567 2.286095571214880e-04
587 2.944423664708540e-04
268 5.036675508326471e-04
737 1.038732839643617e-03
399 9.674432089495501e-04
16 1.027172403528398e-03
18 7.857726290723529e-04
484 3.696530669936584e-04
109 3.861427578491242e-04
299 2.502673622143518e-04
256 2.849438232254789e-04
432 5.245359538795140e-04
379 2.311004190449224e-04
461 1.714796088939815e-03
467 1.503244769608447e-03
477 8.639409990727797e-04
550 2.431691067573449e-04
568 2.638584428563310e-04
575 1.265858865409068e-03
589 5.269106407554164e-04
736 2.994361454500884e-04
89 2.321934322997375e-03
311 2.206488892934849e-04
649 4.822660910500118e-04
191 8.630528132794742e-04
335 3.592266993782638e-04
501 3.893341837389776e-04
264 4.133389133601641e-04
78 1.176697692122701e-03
700 2.080163680619479e-04
224 4.980549128553184e-04
393 3.859994251175236e-04
283 3.382065785283517e-04
449 3.927881516476822e-04
573 4.662077433457995e-04
648 2.558825348999006e-04
764 1.720730561633195e-03
680 2.080163680619479e-04
21 4.828543529037162e-04
1477 2.382258079495658e-04
370 2.070690694658100e-04
541 3.695332359269049e-04
349 8.339925072575363e-04
97 4.073628380996608e-04
1351 4.806872295773886e-04
136 2.682230762539732e-04
955 2.664595247298097e-04
1070 4.965295649417595e-04
889 2.794256834619397e-04
962 2.550345712893417e-04
1427 6.508855272200734e-04
1414 3.705791148849268e-04
897 1.303034652380268e-03
1446 2.158530939004188e-04
803 6.206246429755820e-04
872 6.969062875731684e-04
1141 3.023016865432494e-04
1200 3.120267740861988e-04
1295 3.016404647126036e-04
602 2.780867221494738e-04
1065 4.856769954795680e-04
130 4.968055796661365e-04
295 3.032269287473830e-04
1064 2.571207437237273e-04
874 3.020469235421795e-04
1444 2.915520232325549e-04
895 4.287988921094153e-04
1163 3.809203158703677e-04
1409 3.490049382321553e-04
949 6.627760984675145e-04
914 2.563687883382736e-04
1124 2.990876781449605e-04
858 2.638113206224142e-04
1196 2.919942546372819e-04
882 2.571207437237273e-04
1404 2.571207437237273e-04
793 6.719027867731545e-04
1460 3.302910977134022e-04
248 2.261831331217047e-03
252 2.142916050825830e-04
699 2.801993381665095e-04
241 5.670899003798105e-04
1233 2.142916050825830e-04
220 3.599546920512648e-04
101 2.655333563154314e-04
156 1.946176771197618e-03
1430 1.389633781669736e-03
53 2.609290947359801e-04
201 1.970671905797867e-04
400 1.970671905797867e-04
487 3.645743025741616e-04
1438 3.566193334868246e-04
972 1.180013530511723e-03
15 3.652215628721381e-04
857 2.220791505183040e-04
935 8.144047181498184e-04
1338 4.246018404294813e-04
960 3.173710453697224e-04
996 3.411008791090278e-03
1009 3.955509709375346e-04
1441 3.650640150129204e-04
1204 1.970671905797867e-04
353 2.070690694658100e-04
162 3.644696832857920e-04
351 4.999958113174109e-04
519 1.650866294639619e-03
536 2.807442669972128e-04
90 4.808429699125528e-04
551 2.750800629263004e-04
643 1.970671905797867e-04
356 1.970671905797867e-04
1357 8.059299188201698e-04
1095 1.573419086950681e-03
1001 7.162703783459099e-04
801 2.989450322508327e-04
671 8.162399130997222e-04
249 1.115922225214207e-03
424 5.506694381324508e-04
98 2.076236756685983e-04
331 2.722629957911639e-04
1229 2.458349198375230e-04
620 2.376254313141338e-04
603 4.052734509902245e-04
298 2.298950575097812e-04
661 2.608868318240044e-04
64 2.439666071465302e-04
1352 5.678530389139557e-04
1215 7.276671050193918e-04
1162 3.846074456754924e-04
1374 5.578481020955487e-04
1170 2.401480199511719e-04
1425 2.678828590221789e-04
1456 3.502097043596056e-04
856 1.112826975725772e-03
880 8.456219246950017e-04
1053 1.586390567436773e-03
1271 2.980405078750766e-04
796 2.295746318277065e-04
1038 2.524354934490939e-04
778 4.093187263076103e-04
1476 4.772295212709094e-04
1104 3.273988078103844e-04
1323 3.326293788766093e-04
989 3.354755066436865e-04
1475 3.816942800116305e-04
1068 2.666211308710376e-04
849 2.752881552548594e-04
1214 4.441947117411035e-04
203 2.238998283818177e-04
632 2.238998283818177e-04
981 6.549716764469168e-04
1036 4.095411433595365e-04
1356 6.575187723851715e-04
1085 3.187232815188284e-04
1221 3.364589375389327e-04
1219 4.871095483376899e-04
852 2.238998283818177e-04
1103 4.490012839437945e-04
1454 2.424117068415989e-04
1359 2.898003945238537e-04
1389 3.329098265410146e-04
1226 2.674403636791941e-04
1421 3.698583508159817e-04
1210 3.528205697740752e-04
787 3.501428345071029e-04
1449 2.238998283818177e-04
899 7.975420577817376e-04
1015 2.674403636791941e-04
1426 3.633555063918448e-04
1321 3.478611066990758e-04
1287 3.501652001550252e-04
843 4.073267669369352e-04
1224 2.732840924272274e-04
1387 2.586047867805083e-04
815 2.674403636791941e-04
1080 2.976652015653093e-04
1472 3.353715284709885e-04
1187 3.284716316652748e-04
953 3.860786454809294e-04
1371 3.316894301898464e-04
1062 2.741203729959708e-04
1307 2.238998283818177e-04
1088 3.343981949723952e-04
763 3.799131957287083e-04
1301 4.594107222069688e-04
1487 2.679578338771396e-04
900 6.255743636732337e-04
1125 2.875936476660523e-04
1278 2.501650458070015e-04
901 1.070146030866545e-03
1244 3.824269531585596e-04
927 4.113554855924846e-04
1372 2.765196640516155e-04
1318 3.427411717668474e-04
851 3.471644460961107e-04
943 4.970049027142973e-04
1406 3.232468540068492e-04
909 3.055037361066203e-04
1176 1.970671905797867e-04
881 6.933790826229686e-04
1268 6.406606964026763e-04
1020 4.772628057752336e-04
732 1.970671905797867e-04
62 2.908226254629975e-04
1087 2.406077258771631e-04
82 3.022631414657553e-04
245 4.135343262430265e-04
612 3.020665825436798e-04
645 2.795336558569787e-04
315 1.970671905797867e-04
511 1.970671905797867e-04
392 2.180055795790835e-04
548 3.587100928048844e-04
760 1.970671905797867e-04
1194 2.741091482760381e-04
500 4.549353579046746e-04
1328 1.446231217110964e-03
1399 8.694992364151931e-04
1156 6.655360557940313e-04
1256 4.535550760809600e-04
1258 2.367145256577360e-04
937 2.716764484906981e-04
1369 3.694054367393794e-04
1344 2.475848980574245e-04
1202 3.797096619177627e-04
284 1.970671905797867e-04
168 2.940285458376369e-04
836 1.970671905797867e-04
788 2.891310216421740e-04
1018 1.970671905797867e-04
1471 2.619866709270312e-04
971 1.576236957582680e-03
1091 5.970097095720116e-04
1266 4.614788900676614e-04
777 4.140887965993725e-04
767 2.442232486016484e-03
938 6.150925307020330e-04
5 2.647434058437407e-04
720 2.720778222365373e-04
991 6.544853287817072e-04
1401 8.368977067114577e-04
515 2.735332767900274e-04
1236 2.758257952597680e-04
1296 5.265984977536693e-04
1349 2.764608799324840e-04
290 1.970671905797867e-04
1320 4.310318981916524e-04
1249 2.053939431586470e-04
1264 6.023015570537555e-04
800 2.053939431586470e-04
509 1.970671905797867e-04
1436 3.156360047360386e-04
293 1.970671905797867e-04
357 2.180055795790835e-04
668 1.970671905797867e-04
1334 4.826078882614703e-04
959 2.756359550390897e-04
1274 3.386790279526928e-04
839 4.187856911459083e-04
934 3.152048440445746e-04
600 2.507086308054680e-04
799 2.248771191660600e-04
894 2.684176544634364e-04
1246 4.875858695290587e-04
1166 6.424006323768312e-04
816 3.337930730314476e-04
9 1.970671905797867e-04
740 1.970671905797867e-04
1025 1.970671905797867e-04
543 1.970671905797867e-04
329 2.142685364140326e-04
273 2.477464653636002e-04
718 2.236029669938238e-04
227 2.952454065181040e-04
1314 1.970671905797867e-04
314 2.124017753434772e-04
481 2.200271168916664e-04
181 3.128706231156177e-04
121 1.970671905797867e-04
475 2.834242431338396e-04
397 2.138179017792242e-04
182 1.970671905797867e-04
666 3.645743025741616e-04
1128 2.574801337657248e-04
1195 3.805964515027970e-04
1269 4.940753500272893e-04
1 3.596914411463793e-04
332 2.593784906780916e-04
52 2.041660304146241e-04
1113 1.970671905797867e-04
362 1.970671905797867e-04
757 1.970671905797867e-04
1031 2.371754506766001e-04
974 3.184539408971065e-04
713 3.471096184980417e-04
829 3.179986750651453e-04
1123 4.500029136486873e-04
1288 2.139621017028024e-04
887 2.195697953644812e-04
828 3.181330141483658e-04
838 3.908534651393387e-04
1253 2.225609937929522e-04
1340 2.254135241125145e-04
626 1.970671905797867e-04
194 2.833898744538251e-04
1458 3.504295301309634e-04
338 1.970671905797867e-04
287 2.836683674809096e-04
200 2.573407192594490e-04
479 2.520189446605280e-04
177 1.970671905797867e-04
140 7.937794095150661e-04
1099 2.084191554540721e-04
410 2.489789565568123e-04
67 2.084191554540721e-04
584 2.084191554540721e-04
1445 9.253457424572293e-04
1092 7.139837050290742e-04
925 1.970671905797867e-04
1267 1.970671905797867e-04
805 4.027160462251487e-04
915 2.406077258771631e-04
1411 6.360437128561541e-04
1326 1.970671905797867e-04
1177 4.830634020748152e-04
768 3.173388270863491e-04
1019 2.119036214548507e-04
1280 3.819038907903915e-04
1071 3.578426840338921e-04
1061 2.333208235728086e-04
178 2.080983257858531e-04
451 2.074807015783284e-04
601 1.970671905797867e-04
502 1.970671905797867e-04
772 3.244200577079995e-04
559 3.500394091400695e-04
1158 3.775320011880784e-04
33 2.203011544962785e-04
646 1.970671905797867e-04
488 3.863369087422253e-04
1469 2.607610098640214e-04
808 2.125942119574437e-04
1432 3.288075115218906e-04
106 2.059730500731138e-04
1448 2.446161748924142e-04
705 1.970671905797867e-04
970 2.176248257842510e-04
806 3.297853604892643e-04
667 2.123167195591924e-04
1405 1.970671905797867e-04
80 1.970671905797867e-04
890 1.970671905797867e-04
382 1.970671905797867e-04
385 1.970671905797867e-04
384 2.249850425788492e-04
257 1.970671905797867e-04
165 2.496515400327825e-04
137 2.195930810038436e-04
735 2.192122194708635e-04
886 1.970671905797867e-04
1114 3.407630052963294e-04
958 2.680504467030222e-04
939 2.415822617124515e-04
1136 2.478035327998983e-04
1315 2.415822617124515e-04
1362 3.054003056357976e-04
813 3.549182556706236e-04
438 3.914012119610119e-04
132 1.970671905797867e-04
731 2.530513678386647e-04
869 3.607071897785986e-04
1384 3.708515410657144e-04
683 1.970671905797867e-04
1420 3.632373249751495e-04
1322 2.583090987165248e-04
79 2.278117121930272e-04
1342 1.970671905797867e-04
1034 2.703529611609811e-04
1309 2.917660304450809e-04
1100 2.500210247625739e-04
1378 2.951979050858298e-04
1329 2.751532694702705e-04
1054 2.871441168009237e-04
1133 3.041906192686367e-04
918 2.088861214994587e-04
1395 2.471847962493541e-04
340 1.970671905797867e-04
1417 3.142214858638609e-04
1447 2.297566001815517e-04
670 1.970671905797867e-04
1010 3.511148582007180e-04
916 2.234685545322843e-04
1375 1.970671905797867e-04
523 2.069205501088676e-04
929 2.588372445471301e-04
76 2.025445174376887e-04
682 2.831486104916376e-04
1203 2.189549147250803e-04
307 2.314556873364336e-04
1076 2.575026370001788e-04
1220 3.796628313249646e-04
679 5.596728957260218e-04
56 1.970671905797867e-04
619 2.693831498287162e-04
1313 1.970671905797867e-04
316 3.073850180965895e-04
69 1.970671905797867e-04
983 3.637658404688592e-04
1145 2.657196976000403e-04
1042 2.695415202225136e-04
954 2.983681490634590e-04
344 1.970671905797867e-04
474 1.970671905797867e-04
537 1.970671905797867e-04
325 1.970671905797867e-04
103 1.970671905797867e-04
1077 2.406077258771631e-04
696 1.970671905797867e-04
280 2.196230683281487e-04
503 3.323344653356955e-04
1218 9.543060515676833e-04
1423 3.887552040357323e-04
1211 3.996115669677747e-04
1199 2.638460520623048e-04
774 1.970671905797867e-04
1260 2.709673849129428e-03
1383 2.406077258771631e-04
1275 3.746544805549438e-04
1257 2.454589615635503e-04
942 2.103362034329978e-04
373 1.970671905797867e-04
310 2.465373024670659e-04
409 2.247260278028919e-04
450 2.153051279568052e-04
45 2.352362501550180e-04
1442 2.133789990820537e-04
610 3.402004399804186e-04
83 2.117929312496443e-04
68 1.970671905797867e-04
275 2.497759335879902e-04
556 4.128895388262337e-04
831 3.598499192921415e-04
1102 2.494591171107391e-04
1308 3.423903780716225e-04
157 2.023037427001486e-04
1341 1.970671905797867e-04
516 1.970671905797867e-04
440 3.297948822097177e-04
215 2.531323205565063e-04
17 2.076236756685983e-04
1096 1.970671905797867e-04
466 2.134763923704810e-04
211 1.970671905797867e-04
616 1.970671905797867e-04
1130 2.972318877380125e-04
1154 2.922048042773743e-04
378 1.970671905797867e-04
896 1.970671905797867e-04
1345 2.319407014933413e-04
73 2.394706445545463e-04
116 1.970671905797867e-04
518 1.970671905797867e-04
870 2.434658631465235e-04
428 1.970671905797867e-04
871 2.765061875807840e-04
1109 2.782470413873119e-04
1139 4.407799255315936e-04
1097 2.611653610816274e-04
1485 2.406077258771631e-04
797 1.970671905797867e-04
269 2.245456350215225e-04
583 3.879309803499205e-04
504 1.970671905797867e-04
864 2.096372121350083e-04
716 1.970671905797867e-04
1089 2.078678800528800e-04
686 2.178697589389034e-04
725 2.164584599848835e-04
149 1.970671905797867e-04
32 2.061193813815964e-04
1175 2.088861214994587e-04
427 2.314327489480301e-04
521 2.056480251637251e-04
694 2.056480251637251e-04
1385 2.014162940881990e-04
811 1.970671905797867e-04
534 2.850715451036695e-04
87 2.425655854201042e-04
20 1.970671905797867e-04
380 3.654251252324825e-04
622 5.942044752375540e-04
1380 5.774071966382942e-04
1026 2.906200210832156e-04
1468 2.178762906448777e-04
1290 2.438345625702117e-04
873 2.228952780125338e-04
1205 4.753115557447724e-04
684 2.106652231694540e-04
1079 1.970671905797867e-04
1129 2.406077258771631e-04
10 2.104190060203545e-04
992 2.406077258771631e-04
38 2.319117820790931e-04
317 2.426952104890115e-04
542 2.166622530996874e-04
549 2.612993020139313e-04
1481 1.970671905797867e-04
123 2.214591153247393e-04
833 2.290002840678676e-04
225 1.970671905797867e-04
1165 2.729445949177109e-04
1234 1.970671905797867e-04
1029 2.467917601540457e-04
179 4.268150915659762e-04
744 2.710594933751132e-04
722 1.970671905797867e-04
711 1.970671905797867e-04
617 1.970671905797867e-04
1412 2.013299528702197e-04
784 2.508406940350172e-04
337 2.411449818355845e-04
596 5.040075364133584e-04
1457 2.310306243852443e-04
823 2.503521927997817e-04
625 2.515492131846205e-04
41 3.139774850704368e-04
790 1.970671905797867e-04
274 1.970671905797867e-04
884 1.970671905797867e-04
305 1.970671905797867e-04
1207 3.168239105538960e-04
1213 2.106652231694540e-04
1396 2.163413278039632e-04
910 2.027432952142960e-04
704 1.970671905797867e-04
406 2.141167282160934e-04
163 1.970671905797867e-04
1212 1.970671905797867e-04
812 2.406077258771631e-04
846 1.970671905797867e-04
1003 2.221721814774990e-04
124 2.025445174376887e-04
104 2.032158634306332e-04
730 4.337809242967865e-04
426 3.002407115014998e-04
208 1.970671905797867e-04
81 4.204100065722865e-04
1198 2.123513259048259e-04
975 2.406077258771631e-04
841 2.526282100251516e-04
1227 2.709385348119055e-04
819 2.302893688626220e-04
868 2.060272493888388e-04
590 2.761371230378968e-04
350 2.472443338181924e-04
554 2.070746993296980e-04
388 1.970671905797867e-04
1060 2.031791240181123e-04
352 1.970671905797867e-04
861 1.997693553560556e-04
141 2.023037427001486e-04
243 2.074610159231019e-04
246 2.023037427001486e-04
1131 1.997693553560556e-04
279 2.023037427001486e-04
300 2.278281634767792e-04
313 2.147863197019155e-04
333 2.257956595290748e-04
318 2.345896873889297e-04
367 1.099825344026271e-03
381 1.997693553560556e-04
404 2.023037427001486e-04
36 2.023037427001486e-04
429 2.123056215861720e-04
452 2.504540473090496e-04
491 1.997693553560556e-04
498 2.512785324665167e-04
597 2.464466391616698e-04
994 1.970671905797867e-04
51 2.006834806525490e-04
1397 1.970671905797867e-04
1486 2.566181223201504e-04
190 2.124755153830555e-04
743 2.887253048906256e-04
1332 2.406077258771631e-04
709 1.970671905797867e-04
1450 1.970671905797867e-04
876 2.104080029743077e-04
1127 1.970671905797867e-04
598 2.061193813815964e-04
345 2.150535044028961e-04
776 2.406077258771631e-04
507 2.139607609499227e-04
1282 1.970671905797867e-04
635 1.970671905797867e-04
1279 2.627837226703896e-04
540 1.970671905797867e-04
965 2.794334508380713e-04
911 2.077312774639026e-04
1416 2.406077258771631e-04
143 2.312022333240317e-04
494 2.070690694658100e-04
1473 2.014162940881990e-04
1433 2.498166406329376e-04
383 1.970671905797867e-04
1388 1.970671905797867e-04
6 1.970671905797867e-04
1188 2.169356116859628e-04
1168 1.970671905797867e-04
1160 6.428692652273347e-04
1300 2.406077258771631e-04
207 1.970671905797867e-04
125 1.970671905797867e-04
840 2.077312774639026e-04
1350 2.956345207775759e-04
624 1.970671905797867e-04
152 1.970671905797867e-04
237 2.875210310567491e-04
1305 2.252535246919022e-04
691 1.970671905797867e-04
37 2.286496942497325e-04
513 2.286496942497325e-04
1440 1.970671905797867e-04
411 2.007075672390043e-04
553 2.599231177109935e-04
1006 2.406077258771631e-04
1431 1.970671905797867e-04
771 1.970671905797867e-04
421 1.970671905797867e-04
415 2.296503842533668e-04
42 2.425655854201042e-04
360 2.130635466200170e-04
1393 2.406077258771631e-04
469 2.839475047720225e-04
1075 2.631636036255251e-04
1005 2.401980426606676e-04
1247 1.970671905797867e-04
749 1.970671905797867e-04
308 1.970671905797867e-04
1434 1.970671905797867e-04
1319 1.970671905797867e-04
689 2.204065358775909e-04
138 3.844127460775349e-04
1074 1.970671905797867e-04
255 1.970671905797867e-04
820 8.371825518303508e-04
821 6.448568304625911e-04
794 5.528697751126009e-04
262 1.970671905797867e-04
1239 1.970671905797867e-04
1490 1.970671905797867e-04
281 2.159527043446260e-04
702 2.239371392817121e-04
19 2.159527043446260e-04
1289 1.970671905797867e-04
1149 2.406077258771631e-04
364 1.970671905797867e-04
1403 2.598564609878262e-04
1262 2.216091896733209e-04
527 2.804142850347826e-04
647 2.412168622900436e-04
1303 1.970671905797867e-04
142 2.223185984452157e-04
755 2.070690694658100e-04
595 2.204208849063779e-04
223 2.070690694658100e-04
747 2.070690694658100e-04
291 2.070690694658100e-04
505 2.070690694658100e-04
113 2.070690694658100e-04
354 2.070690694658100e-04
497 2.070690694658100e-04
444 2.070690694658100e-04
745 2.682556690308240e-04
7 2.070690694658100e-04
439 2.299114785665177e-04
86 3.672837368495289e-04
193 2.070690694658100e-04
809 2.070690694658100e-04
358 2.908226254629975e-04
951 1.970671905797867e-04
1252 2.117506216910804e-04
863 2.117506216910804e-04
93 1.970671905797867e-04
1368 2.319407014933413e-04
244 1.970671905797867e-04
105 2.664420260431244e-04
739 1.970671905797867e-04
921 2.167844622394950e-04
653 2.502785918550940e-04
631 2.469497007485364e-04
1225 2.830078578368284e-04
107 3.651166983337205e-04
160 2.739267897879713e-04
659 2.483878844402118e-04
28 2.202298919807142e-04
1119 1.970671905797867e-04
1302 1.970671905797867e-04
403 1.970671905797867e-04
860 3.200245756893516e-04
47 2.567030464848229e-04
721 4.777144606760439e-04
185 2.544986046670752e-04
538 2.219834489330885e-04
1259 1.970671905797867e-04
1058 2.208550035083348e-04
1057 2.238852981489106e-04
945 2.476731110774588e-04
1379 2.136476144395551e-04
166 1.970671905797867e-04
859 2.083279397391774e-04
1014 1.970671905797867e-04
1023 1.970671905797867e-04
1116 2.913052348679223e-04
1333 2.014162940881990e-04
984 1.970671905797867e-04
133 3.125387504834672e-04
613 1.970671905797867e-04
1488 1.970671905797867e-04
628 1.970671905797867e-04
1407 2.134582773402559e-04
807 2.484555174528284e-04
328 1.970671905797867e-04
1083 1.970671905797867e-04
717 2.637174614577579e-04
66 1.970671905797867e-04
654 2.202302834102832e-04
690 2.202302834102832e-04
1004 1.970671905797867e-04
1398 1.970671905797867e-04
1140 1.970671905797867e-04
217 1.970671905797867e-04
222 2.037674750595617e-04
327 1.970671905797867e-04
289 2.105848200868385e-04
532 2.120212849958391e-04
605 2.144970456742343e-04
1183 2.164401302331678e-04
834 2.319407014933413e-04
1367 2.406077258771631e-04
931 1.970671905797867e-04
365 1.970671905797867e-04
674 2.075460256956287e-04
184 1.970671905797867e-04
1178 2.406077258771631e-04
987 2.406077258771631e-04
1428 2.406077258771631e-04
940 2.406077258771631e-04
1415 2.406077258771631e-04
1072 2.573435384591542e-04
1017 2.406077258771631e-04
1343 2.406077258771631e-04
1265 2.406077258771631e-04
780 2.406077258771631e-04
1242 2.406077258771631e-04
1090 2.406077258771631e-04
1157 2.406077258771631e-04
1281 2.406077258771631e-04
1336 2.406077258771631e-04
1304 2.406077258771631e-04
1474 2.406077258771631e-04
1377 2.406077258771631e-04
1470 2.524266567968351e-04
1182 2.406077258771631e-04
1297 2.406077258771631e-04
848 2.406077258771631e-04
1030 2.406077258771631e-04
1190 2.557420224963653e-04
1353 2.406077258771631e-04
825 2.607610098640214e-04
1467 2.406077258771631e-04
419 1.970671905797867e-04
129 1.970671905797867e-04
11 1.970671905797867e-04
652 1.970671905797867e-04
1382 1.970671905797867e-04
296 1.970671905797867e-04
1237 1.970671905797867e-04
84 1.970671905797867e-04
651 2.033396104715378e-04
761 1.970671905797867e-04
506 1.970671905797867e-04
77 1.970671905797867e-04
1273 1.970671905797867e-04
655 2.191806976376848e-04
26 1.970671905797867e-04
462 3.293640059644431e-04
701 1.970671905797867e-04
496 1.970671905797867e-04
95 2.549038740500783e-04
1410 1.970671905797867e-04
657 1.970671905797867e-04
158 2.111080214260077e-04
418 3.964469885951273e-04
1084 2.096042898993116e-04
920 1.970671905797867e-04
239 1.970671905797867e-04
926 2.001276159187231e-04
58 1.970671905797867e-04
92 2.154755484670383e-04
978 2.167240618633255e-04
219 1.970671905797867e-04
235 1.970671905797867e-04
368 1.970671905797867e-04
1189 1.970671905797867e-04
1439 1.970671905797867e-04
1180 1.970671905797867e-04
1078 1.970671905797867e-04
277 1.970671905797867e-04
1361 1.970671905797867e-04
128 2.076236756685983e-04
407 2.076236756685983e-04
30 2.076236756685983e-04
738 2.076236756685983e-04
171 2.076236756685983e-04
408 2.076236756685983e-04
420 2.370544394589587e-04
912 1.970671905797867e-04
1316 1.970671905797867e-04
1355 1.970671905797867e-04
499 1.970671905797867e-04
1291 1.970671905797867e-04
1484 1.970671905797867e-04
1115 1.970671905797867e-04
1044 2.255958301663637e-04
1391 2.401210060594515e-04
416 1.970671905797867e-04
1106 2.354261010766176e-04
1186 2.597967454111779e-04
253 2.193644332029034e-04
230 1.970671905797867e-04
998 1.970671905797867e-04
1451 2.172204745666449e-04
888 2.290394054863170e-04
525 1.970671905797867e-04
110 2.080983257858531e-04
758 2.264979543701471e-04
173 1.970671905797867e-04
213 3.781723351638288e-04
117 1.970671905797867e-04
471 2.805453160234611e-04
850 1.970671905797867e-04
216 1.970671905797867e-04
414 1.970671905797867e-04
175 1.970671905797867e-04
1193 1.970671905797867e-04
1046 2.529028945779116e-04
390 1.970671905797867e-04
303 2.111080214260077e-04
445 1.970671905797867e-04
147 1.970671905797867e-04
1208 1.970671905797867e-04
1117 1.970671905797867e-04
70 1.970671905797867e-04
355 1.970671905797867e-04
1155 1.970671905797867e-04
1171 1.970671905797867e-04
44 2.050516255168728e-04
59 2.050516255168728e-04
614 1.970671905797867e-04
309 1.970671905797867e-04
437 1.970671905797867e-04
977 1.970671905797867e-04
470 1.970671905797867e-04
448 2.463604444585925e-04
580 2.319682535450924e-04
1365 1.970671905797867e-04
43 1.970671905797867e-04
715 1.970671905797867e-04
1354 1.970671905797867e-04
1276 2.328113624368500e-04
875 2.102598344513344e-04
212 1.970671905797867e-04
827 1.970671905797867e-04
1286 1.970671905797867e-04
1263 1.970671905797867e-04
555 1.970671905797867e-04
198 1.970671905797867e-04
1331 3.891015363931130e-04
1261 1.970671905797867e-04
804 1.970671905797867e-04
685 1.970671905797867e-04
1335 1.970671905797867e-04
